"","Urticina felina","Semibalanus balanoides","Anomia simplex","Hiatella arctica","Modiolus modiolus","Mytilus edulis","Ostrea edulis","Placopecten magellanicus","Bugulina spicata","Crisia eburnea","Crisularia turrita","Dendrobeania murrayana","Membranipora membranacea","Patinella verrucaria","Schizoporella unicornis","Tricellaria inopinata","Boreochiton ruber","Stenosemus albus","Metridium senile","Pachycerianthus borealis","Amphipoda","Cancer borealis","Cancer irroratus","Carcinus maenus","Homarus americanus","Isopoda","Cucumaria frondosa","Echinarachnius parma","Ophiopholis aculeata","Strongylocentrotus droebachiensis","Buccinum undatum","Crepidula fornicata","Lacuna vincta","Littorina littorea","Littorina obtusata","Littorina saxatilis","Nucella lapillus","Tectura testudinalis","Testudinalia testudinalis","Thylacodes","Obelia","Spirorbis","Asterias forbesi","Asterias rubens","Henricia sanguinolenta","Halichondria panicea","Halisarca dujardinii","Hymedesmia","Leucosolenia","Aplidium pallidum","Boltenia echinata","Boltenia ovifera","Botrylloides violaceus","Botryllus schlosseri","Ciona intestinalis","Ciona savignyi","Dendrodoa carnea","Didemnum albidum","Didemnum vexillum","Diplosoma listerianum","Cyclopterus lumpus","Morone saxatilis","Myoxocephalus octodecemspinosus","Myoxocephalus scorpius","Pholis gunnellus","Pollachius virens","Pseudopleuronectes americanus","Tautoga onitis","Tautogolabrus adspersus","Urophycis regia"
"Urticina felina",0,0.844568288854003,0.827990580847724,0.827990580847724,0.739340659340659,0.739340659340659,0.842794348508634,0.69010989010989,0.776985871271586,0.751067503924647,0.751067503924647,0.69010989010989,0.826216640502355,0.751067503924647,0.800298273155416,0.776985871271586,0.806499215070644,0.851632653061224,0.752841444270016,0.72105180533752,0.871114599686028,0.862637362637363,0.862637362637363,0.871114599686028,0.765620094191523,0.928555729984301,0.851632653061224,0.851632653061224,0.752448979591837,0.855729984301413,0.720486656200942,0.80883830455259,0.9,0.925918367346939,0.9,0.928555729984301,0.813987441130298,0.928555729984301,0.751067503924647,0.751067503924647,0.778116169544741,0.844568288854003,0.814850863422292,0.814850863422292,0.900863422291994,0.653186813186813,0.653186813186813,0.653186813186813,0.69010989010989,0.759277864992151,0.71414442700157,0.71414442700157,0.679105180533752,0.728335949764521,0.740062794348509,0.704222919937206,0.71414442700157,0.71414442700157,0.797833594976452,0.740062794348509,0.749105180533752,0.749105180533752,0.749105180533752,0.749105180533752,0.688147566718995,0.749105180533752,0.749105180533752,0.749105180533752,0.749105180533752,0.749105180533752
"Semibalanus balanoides",0.844568288854003,0,0.574505494505494,0.635463108320251,0.660078492935636,0.660078492935636,0.670423861852433,0.697001569858713,0.722919937205652,0.682574568288854,0.697001569858713,0.697001569858713,0.685996860282575,0.697001569858713,0.660078492935636,0.722919937205652,0.743281004709576,0.788414442700157,0.731224489795918,0.837896389324961,0.702386185243328,0.858979591836735,0.858979591836735,0.815149136577708,0.895902668759812,0.726875981161695,0.895902668759812,0.895902668759812,0.895902668759812,0.767315541601256,0.850769230769231,0.66861852433281,0.61436420722135,0.753045525902669,0.666169544740973,0.787833594976452,0.773657770800628,0.726875981161695,0.697001569858713,0.697001569858713,0.810204081632653,0.61989010989011,0.858979591836735,0.858979591836735,0.760643642072213,0.746232339089482,0.746232339089482,0.746232339089482,0.697001569858713,0.791365777080063,0.685274725274725,0.746232339089482,0.772150706436421,0.735227629513344,0.772150706436421,0.765117739403454,0.685274725274725,0.685274725274725,0.682810047095761,0.772150706436421,0.965541601255887,0.965541601255887,0.965541601255887,0.965541601255887,0.965541601255887,0.965541601255887,0.965541601255887,0.965541601255887,0.965541601255887,0.965541601255887
"Anomia simplex",0.827990580847724,0.574505494505494,0,0.549136577708006,0.573751962323391,0.573751962323391,0.616248037676609,0.610675039246468,0.706342229199372,0.665996860282575,0.680423861852433,0.680423861852433,0.669419152276295,0.680423861852433,0.643500784929356,0.706342229199372,0.726703296703297,0.771836734693877,0.714646781789639,0.821318681318681,0.685808477237049,0.842401883830455,0.842401883830455,0.798571428571429,0.879324960753532,0.710298273155416,0.879324960753532,0.879324960753532,0.879324960753532,0.750737833594976,0.834191522762951,0.652040816326531,0.629937205651491,0.76861852433281,0.681742543171115,0.771255886970173,0.789230769230769,0.710298273155416,0.680423861852433,0.680423861852433,0.793626373626374,0.635463108320251,0.842401883830455,0.842401883830455,0.744065934065934,0.729654631083202,0.729654631083202,0.729654631083202,0.680423861852433,0.774788069073783,0.668697017268446,0.729654631083202,0.755572998430141,0.718649921507064,0.755572998430141,0.780690737833595,0.668697017268446,0.668697017268446,0.666232339089482,0.755572998430141,0.948963893249608,0.948963893249608,0.948963893249608,0.948963893249608,0.948963893249608,0.948963893249608,0.948963893249608,0.948963893249608,0.948963893249608,0.948963893249608
"Hiatella arctica",0.827990580847724,0.635463108320251,0.549136577708006,0,0.573751962323391,0.573751962323391,0.549136577708006,0.610675039246468,0.639230769230769,0.726954474097331,0.613312401883831,0.680423861852433,0.602307692307692,0.613312401883831,0.576389324960753,0.639230769230769,0.787660910518053,0.832794348508634,0.714646781789639,0.821318681318681,0.746766091051805,0.775290423861852,0.775290423861852,0.731459968602826,0.879324960753532,0.771255886970173,0.879324960753532,0.812213500784929,0.879324960753532,0.683626373626374,0.767080062794348,0.584929356357928,0.690894819466248,0.701507064364207,0.742700156985871,0.70414442700157,0.722119309262166,0.771255886970173,0.613312401883831,0.613312401883831,0.793626373626374,0.635463108320251,0.775290423861852,0.842401883830455,0.676954474097331,0.729654631083202,0.729654631083202,0.729654631083202,0.680423861852433,0.70767660910518,0.729654631083202,0.6625431711146,0.755572998430141,0.718649921507064,0.688461538461538,0.780690737833595,0.729654631083202,0.729654631083202,0.727189952904239,0.755572998430141,0.948963893249608,0.948963893249608,0.948963893249608,0.948963893249608,0.948963893249608,0.948963893249608,0.948963893249608,0.948963893249608,0.948963893249608,0.948963893249608
"Modiolus modiolus",0.739340659340659,0.660078492935636,0.573751962323391,0.573751962323391,0,0.485102040816327,0.588555729984301,0.522025117739403,0.678649921507064,0.699262166405024,0.652731554160126,0.591773940345369,0.641726844583987,0.652731554160126,0.615808477237049,0.678649921507064,0.759968602825746,0.805102040816327,0.739262166405024,0.793626373626374,0.77138147566719,0.814709576138148,0.814709576138148,0.823186813186813,0.851632653061224,0.795871271585557,0.851632653061224,0.851632653061224,0.790675039246468,0.723045525902669,0.806499215070644,0.624348508634223,0.715510204081633,0.793233908948195,0.767315541601256,0.795871271585557,0.813846153846154,0.795871271585557,0.652731554160126,0.652731554160126,0.765934065934066,0.660078492935636,0.814709576138148,0.814709576138148,0.716373626373626,0.641004709576138,0.641004709576138,0.641004709576138,0.591773940345369,0.747095761381476,0.701962323390895,0.701962323390895,0.666923076923077,0.63,0.727880690737834,0.692040816326531,0.701962323390895,0.701962323390895,0.699497645211931,0.727880690737834,0.9212715855573,0.9212715855573,0.9212715855573,0.9212715855573,0.860313971742543,0.9212715855573,0.9212715855573,0.9212715855573,0.9212715855573,0.9212715855573
"Mytilus edulis",0.739340659340659,0.660078492935636,0.573751962323391,0.573751962323391,0.485102040816327,0,0.588555729984301,0.522025117739403,0.678649921507064,0.699262166405024,0.652731554160126,0.591773940345369,0.641726844583987,0.652731554160126,0.615808477237049,0.678649921507064,0.759968602825746,0.805102040816327,0.739262166405024,0.793626373626374,0.77138147566719,0.814709576138148,0.814709576138148,0.823186813186813,0.851632653061224,0.795871271585557,0.851632653061224,0.851632653061224,0.790675039246468,0.723045525902669,0.806499215070644,0.624348508634223,0.715510204081633,0.793233908948195,0.767315541601256,0.795871271585557,0.813846153846154,0.795871271585557,0.652731554160126,0.652731554160126,0.765934065934066,0.660078492935636,0.814709576138148,0.814709576138148,0.716373626373626,0.641004709576138,0.641004709576138,0.641004709576138,0.591773940345369,0.747095761381476,0.701962323390895,0.701962323390895,0.666923076923077,0.63,0.727880690737834,0.692040816326531,0.701962323390895,0.701962323390895,0.699497645211931,0.727880690737834,0.9212715855573,0.9212715855573,0.9212715855573,0.9212715855573,0.860313971742543,0.9212715855573,0.9212715855573,0.9212715855573,0.9212715855573,0.9212715855573
"Ostrea edulis",0.842794348508634,0.670423861852433,0.616248037676609,0.549136577708006,0.588555729984301,0.588555729984301,0,0.625478806907378,0.604850863422292,0.741758241758242,0.628116169544741,0.695227629513344,0.567927786499215,0.628116169544741,0.591193092621664,0.604850863422292,0.802464678178964,0.847598116169545,0.781758241758242,0.836122448979592,0.76469387755102,0.790094191522763,0.790094191522763,0.749387755102041,0.894128728414443,0.838367346938775,0.894128728414443,0.82701726844584,0.894128728414443,0.698430141287284,0.781883830455259,0.599733124018838,0.72585557299843,0.687284144427002,0.777660910518053,0.771255886970173,0.757080062794348,0.838367346938775,0.628116169544741,0.628116169544741,0.808430141287284,0.670423861852433,0.790094191522763,0.857205651491366,0.691758241758242,0.744458398744113,0.744458398744113,0.744458398744113,0.695227629513344,0.722480376766091,0.744458398744113,0.67734693877551,0.721193092621664,0.684270015698587,0.654081632653061,0.714160125588697,0.744458398744113,0.744458398744113,0.692810047095761,0.721193092621664,0.963767660910518,0.963767660910518,0.963767660910518,0.963767660910518,0.963767660910518,0.963767660910518,0.963767660910518,0.963767660910518,0.963767660910518,0.963767660910518
"Placopecten magellanicus",0.69010989010989,0.697001569858713,0.610675039246468,0.610675039246468,0.522025117739403,0.522025117739403,0.625478806907378,0,0.629419152276295,0.650031397174254,0.603500784929356,0.5425431711146,0.678649921507064,0.603500784929356,0.652731554160126,0.629419152276295,0.710737833594976,0.755871271585557,0.7761852433281,0.744395604395604,0.808304552590267,0.851632653061224,0.851632653061224,0.86010989010989,0.802401883830455,0.832794348508634,0.802401883830455,0.802401883830455,0.741444270015699,0.759968602825746,0.757268445839874,0.6612715855573,0.75243328100471,0.830156985871272,0.804238618524333,0.832794348508634,0.850769230769231,0.832794348508634,0.603500784929356,0.603500784929356,0.716703296703297,0.697001569858713,0.851632653061224,0.851632653061224,0.753296703296703,0.591773940345369,0.591773940345369,0.591773940345369,0.5425431711146,0.697864992150706,0.652731554160126,0.652731554160126,0.617692307692308,0.666923076923077,0.678649921507064,0.642810047095761,0.652731554160126,0.652731554160126,0.736420722135008,0.678649921507064,0.872040816326531,0.872040816326531,0.872040816326531,0.872040816326531,0.811083202511774,0.872040816326531,0.872040816326531,0.872040816326531,0.872040816326531,0.872040816326531
"Bugulina spicata",0.776985871271586,0.722919937205652,0.706342229199372,0.639230769230769,0.678649921507064,0.678649921507064,0.604850863422292,0.629419152276295,0,0.605070643642072,0.491428571428571,0.558540031397174,0.517394034536892,0.491428571428571,0.540659340659341,0.468163265306122,0.736656200941915,0.781789638932496,0.802103610675039,0.770313971742543,0.785039246467818,0.81043956043956,0.81043956043956,0.769733124018838,0.828320251177394,0.858712715855573,0.828320251177394,0.761208791208791,0.828320251177394,0.718775510204082,0.71607535321821,0.620078492935636,0.778351648351648,0.73978021978022,0.830156985871272,0.79160125588697,0.809576138147567,0.858712715855573,0.562307692307692,0.562307692307692,0.742621664050235,0.722919937205652,0.81043956043956,0.877551020408163,0.712103610675039,0.678649921507064,0.678649921507064,0.678649921507064,0.629419152276295,0.656671899529042,0.678649921507064,0.611538461538462,0.655384615384615,0.704615384615385,0.588273155416013,0.680502354788069,0.678649921507064,0.678649921507064,0.713155416012559,0.655384615384615,0.897959183673469,0.897959183673469,0.897959183673469,0.897959183673469,0.897959183673469,0.897959183673469,0.897959183673469,0.897959183673469,0.897959183673469,0.897959183673469
"Crisia eburnea",0.751067503924647,0.682574568288854,0.665996860282575,0.726954474097331,0.699262166405024,0.699262166405024,0.741758241758242,0.650031397174254,0.605070643642072,0,0.579152276295133,0.579152276295133,0.654301412872841,0.579152276295133,0.628383045525903,0.605070643642072,0.696310832025118,0.741444270015699,0.7761852433281,0.744395604395604,0.74734693877551,0.851632653061224,0.851632653061224,0.86010989010989,0.802401883830455,0.818367346938776,0.802401883830455,0.802401883830455,0.802401883830455,0.806499215070644,0.757268445839874,0.707802197802198,0.738006279434851,0.876687598116169,0.789811616954474,0.879324960753532,0.850769230769231,0.818367346938776,0.650031397174254,0.650031397174254,0.763233908948195,0.743532182103611,0.851632653061224,0.851632653061224,0.799827315541601,0.699262166405024,0.699262166405024,0.699262166405024,0.650031397174254,0.744395604395604,0.638304552590267,0.699262166405024,0.725180533751962,0.774411302982732,0.725180533751962,0.750298273155416,0.638304552590267,0.638304552590267,0.721993720565149,0.725180533751962,0.872040816326531,0.872040816326531,0.872040816326531,0.872040816326531,0.872040816326531,0.872040816326531,0.872040816326531,0.872040816326531,0.872040816326531,0.872040816326531
"Crisularia turrita",0.751067503924647,0.697001569858713,0.680423861852433,0.613312401883831,0.652731554160126,0.652731554160126,0.628116169544741,0.603500784929356,0.491428571428571,0.579152276295133,0,0.532621664050235,0.540659340659341,0.465510204081633,0.514740973312402,0.491428571428571,0.710737833594976,0.755871271585557,0.7761852433281,0.744395604395604,0.808304552590267,0.784521193092622,0.784521193092622,0.792998430141287,0.802401883830455,0.832794348508634,0.802401883830455,0.735290423861852,0.802401883830455,0.692857142857143,0.690156985871271,0.594160125588697,0.75243328100471,0.763045525902669,0.804238618524333,0.765682888540031,0.783657770800628,0.832794348508634,0.536389324960754,0.536389324960754,0.716703296703297,0.697001569858713,0.784521193092622,0.851632653061224,0.6861852433281,0.652731554160126,0.652731554160126,0.652731554160126,0.603500784929356,0.630753532182104,0.652731554160126,0.585620094191523,0.678649921507064,0.727880690737834,0.611538461538462,0.703767660910518,0.652731554160126,0.652731554160126,0.736420722135008,0.678649921507064,0.872040816326531,0.872040816326531,0.872040816326531,0.872040816326531,0.872040816326531,0.872040816326531,0.872040816326531,0.872040816326531,0.872040816326531,0.872040816326531
"Dendrobeania murrayana",0.69010989010989,0.697001569858713,0.680423861852433,0.680423861852433,0.591773940345369,0.591773940345369,0.695227629513344,0.5425431711146,0.558540031397174,0.579152276295133,0.532621664050235,0,0.607770800627943,0.532621664050235,0.581852433281005,0.558540031397174,0.710737833594976,0.755871271585557,0.7761852433281,0.744395604395604,0.808304552590267,0.851632653061224,0.851632653061224,0.86010989010989,0.802401883830455,0.832794348508634,0.802401883830455,0.802401883830455,0.741444270015699,0.759968602825746,0.757268445839874,0.6612715855573,0.75243328100471,0.830156985871272,0.804238618524333,0.832794348508634,0.850769230769231,0.832794348508634,0.603500784929356,0.603500784929356,0.716703296703297,0.697001569858713,0.851632653061224,0.851632653061224,0.753296703296703,0.591773940345369,0.591773940345369,0.591773940345369,0.5425431711146,0.697864992150706,0.652731554160126,0.652731554160126,0.617692307692308,0.666923076923077,0.678649921507064,0.642810047095761,0.652731554160126,0.652731554160126,0.736420722135008,0.678649921507064,0.872040816326531,0.872040816326531,0.872040816326531,0.872040816326531,0.811083202511774,0.872040816326531,0.872040816326531,0.872040816326531,0.872040816326531,0.872040816326531
"Membranipora membranacea",0.826216640502355,0.685996860282575,0.669419152276295,0.602307692307692,0.641726844583987,0.641726844583987,0.567927786499215,0.678649921507064,0.517394034536892,0.654301412872841,0.540659340659341,0.607770800627943,0,0.540659340659341,0.503736263736264,0.517394034536892,0.785886970172684,0.831020408163265,0.765180533751962,0.819544740973312,0.748116169544741,0.773516483516483,0.773516483516483,0.732810047095761,0.877551020408163,0.821789638932496,0.877551020408163,0.81043956043956,0.877551020408163,0.681852433281005,0.76530612244898,0.583155416012559,0.741428571428571,0.702857142857143,0.793233908948195,0.754678178963893,0.77265306122449,0.821789638932496,0.611538461538462,0.611538461538462,0.791852433281005,0.685996860282575,0.773516483516483,0.840627943485086,0.675180533751962,0.727880690737834,0.727880690737834,0.727880690737834,0.678649921507064,0.705902668759812,0.727880690737834,0.660769230769231,0.704615384615385,0.667692307692308,0.637503924646782,0.729733124018838,0.727880690737834,0.727880690737834,0.676232339089482,0.704615384615385,0.947189952904239,0.947189952904239,0.947189952904239,0.947189952904239,0.947189952904239,0.947189952904239,0.947189952904239,0.947189952904239,0.947189952904239,0.947189952904239
"Patinella verrucaria",0.751067503924647,0.697001569858713,0.680423861852433,0.613312401883831,0.652731554160126,0.652731554160126,0.628116169544741,0.603500784929356,0.491428571428571,0.579152276295133,0.465510204081633,0.532621664050235,0.540659340659341,0,0.514740973312402,0.491428571428571,0.710737833594976,0.755871271585557,0.7761852433281,0.744395604395604,0.808304552590267,0.784521193092622,0.784521193092622,0.792998430141287,0.802401883830455,0.832794348508634,0.802401883830455,0.735290423861852,0.802401883830455,0.692857142857143,0.690156985871271,0.594160125588697,0.75243328100471,0.763045525902669,0.804238618524333,0.765682888540031,0.783657770800628,0.832794348508634,0.536389324960754,0.536389324960754,0.716703296703297,0.697001569858713,0.784521193092622,0.851632653061224,0.6861852433281,0.652731554160126,0.652731554160126,0.652731554160126,0.603500784929356,0.630753532182104,0.652731554160126,0.585620094191523,0.678649921507064,0.727880690737834,0.611538461538462,0.703767660910518,0.652731554160126,0.652731554160126,0.736420722135008,0.678649921507064,0.872040816326531,0.872040816326531,0.872040816326531,0.872040816326531,0.872040816326531,0.872040816326531,0.872040816326531,0.872040816326531,0.872040816326531,0.872040816326531
"Schizoporella unicornis",0.800298273155416,0.660078492935636,0.643500784929356,0.576389324960753,0.615808477237049,0.615808477237049,0.591193092621664,0.652731554160126,0.540659340659341,0.628383045525903,0.514740973312402,0.581852433281005,0.503736263736264,0.514740973312402,0,0.540659340659341,0.759968602825746,0.805102040816327,0.739262166405024,0.793626373626374,0.77138147566719,0.747598116169545,0.747598116169545,0.75607535321821,0.851632653061224,0.795871271585557,0.851632653061224,0.784521193092622,0.851632653061224,0.655934065934066,0.739387755102041,0.55723704866562,0.715510204081633,0.726122448979592,0.767315541601256,0.728759811616954,0.746734693877551,0.795871271585557,0.585620094191523,0.585620094191523,0.765934065934066,0.660078492935636,0.747598116169545,0.814709576138148,0.649262166405024,0.701962323390895,0.701962323390895,0.701962323390895,0.652731554160126,0.679984301412873,0.701962323390895,0.634850863422292,0.727880690737834,0.690957613814757,0.660769230769231,0.752998430141287,0.701962323390895,0.701962323390895,0.699497645211931,0.727880690737834,0.9212715855573,0.9212715855573,0.9212715855573,0.9212715855573,0.9212715855573,0.9212715855573,0.9212715855573,0.9212715855573,0.9212715855573,0.9212715855573
"Tricellaria inopinata",0.776985871271586,0.722919937205652,0.706342229199372,0.639230769230769,0.678649921507064,0.678649921507064,0.604850863422292,0.629419152276295,0.468163265306122,0.605070643642072,0.491428571428571,0.558540031397174,0.517394034536892,0.491428571428571,0.540659340659341,0,0.736656200941915,0.781789638932496,0.802103610675039,0.770313971742543,0.785039246467818,0.81043956043956,0.81043956043956,0.769733124018838,0.828320251177394,0.858712715855573,0.828320251177394,0.761208791208791,0.828320251177394,0.718775510204082,0.71607535321821,0.620078492935636,0.778351648351648,0.73978021978022,0.830156985871272,0.79160125588697,0.809576138147567,0.858712715855573,0.562307692307692,0.562307692307692,0.742621664050235,0.722919937205652,0.81043956043956,0.877551020408163,0.712103610675039,0.678649921507064,0.678649921507064,0.678649921507064,0.629419152276295,0.656671899529042,0.678649921507064,0.611538461538462,0.655384615384615,0.704615384615385,0.588273155416013,0.680502354788069,0.678649921507064,0.678649921507064,0.713155416012559,0.655384615384615,0.897959183673469,0.897959183673469,0.897959183673469,0.897959183673469,0.897959183673469,0.897959183673469,0.897959183673469,0.897959183673469,0.897959183673469,0.897959183673469
"Boreochiton ruber",0.806499215070644,0.743281004709576,0.726703296703297,0.787660910518053,0.759968602825746,0.759968602825746,0.802464678178964,0.710737833594976,0.736656200941915,0.696310832025118,0.710737833594976,0.710737833594976,0.785886970172684,0.710737833594976,0.759968602825746,0.736656200941915,0,0.539795918367347,0.883422291993721,0.851632653061224,0.759795918367347,0.812276295133438,0.812276295133438,0.820753532182104,0.763045525902669,0.685698587127159,0.763045525902669,0.763045525902669,0.763045525902669,0.673830455259027,0.717912087912088,0.76850863422292,0.70392464678179,0.744018838304553,0.657142857142857,0.746656200941915,0.811412872841444,0.685698587127159,0.710737833594976,0.710737833594976,0.76850863422292,0.804238618524333,0.812276295133438,0.812276295133438,0.76574568288854,0.759968602825746,0.759968602825746,0.759968602825746,0.710737833594976,0.805102040816327,0.699010989010989,0.759968602825746,0.785886970172684,0.835117739403454,0.785886970172684,0.811004709576138,0.699010989010989,0.699010989010989,0.782700156985871,0.785886970172684,0.832684458398744,0.832684458398744,0.832684458398744,0.832684458398744,0.832684458398744,0.832684458398744,0.832684458398744,0.832684458398744,0.832684458398744,0.832684458398744
"Stenosemus albus",0.851632653061224,0.788414442700157,0.771836734693877,0.832794348508634,0.805102040816327,0.805102040816327,0.847598116169545,0.755871271585557,0.781789638932496,0.741444270015699,0.755871271585557,0.755871271585557,0.831020408163265,0.755871271585557,0.805102040816327,0.781789638932496,0.539795918367347,0,0.928555729984301,0.816310832025118,0.804929356357928,0.776954474097331,0.776954474097331,0.865886970172684,0.727723704866562,0.650376766091052,0.727723704866562,0.727723704866562,0.727723704866562,0.718963893249608,0.763045525902669,0.813642072213501,0.74905808477237,0.789152276295133,0.702276295133438,0.711334379905809,0.856546310832025,0.650376766091052,0.755871271585557,0.755871271585557,0.813642072213501,0.849372056514914,0.776954474097331,0.776954474097331,0.730423861852433,0.805102040816327,0.805102040816327,0.805102040816327,0.755871271585557,0.76978021978022,0.74414442700157,0.805102040816327,0.831020408163265,0.880251177394034,0.831020408163265,0.856138147566719,0.74414442700157,0.74414442700157,0.827833594976452,0.831020408163265,0.797362637362637,0.797362637362637,0.797362637362637,0.797362637362637,0.797362637362637,0.797362637362637,0.797362637362637,0.797362637362637,0.797362637362637,0.797362637362637
"Metridium senile",0.752841444270016,0.731224489795918,0.714646781789639,0.714646781789639,0.739262166405024,0.739262166405024,0.781758241758242,0.7761852433281,0.802103610675039,0.7761852433281,0.7761852433281,0.7761852433281,0.765180533751962,0.7761852433281,0.739262166405024,0.802103610675039,0.883422291993721,0.928555729984301,0,0.617503924646782,0.757770800627943,0.853406593406593,0.853406593406593,0.809576138147567,0.830643642072213,0.86701726844584,0.868869701726845,0.928555729984301,0.89032967032967,0.846499215070644,0.845196232339089,0.747802197802198,0.786656200941915,0.864379905808477,0.838461538461538,0.86701726844584,0.800235478806907,0.86701726844584,0.7761852433281,0.7761852433281,0.743547880690738,0.731224489795918,0.853406593406593,0.793720565149137,0.839827315541601,0.739262166405024,0.739262166405024,0.739262166405024,0.7761852433281,0.784395604395604,0.739262166405024,0.739262166405024,0.765180533751962,0.728257456828885,0.765180533751962,0.790298273155416,0.739262166405024,0.739262166405024,0.73679748822606,0.765180533751962,0.873814756671899,0.873814756671899,0.814128728414443,0.873814756671899,0.873814756671899,0.873814756671899,0.873814756671899,0.873814756671899,0.814128728414443,0.814128728414443
"Pachycerianthus borealis",0.72105180533752,0.837896389324961,0.821318681318681,0.821318681318681,0.793626373626374,0.793626373626374,0.836122448979592,0.744395604395604,0.770313971742543,0.744395604395604,0.744395604395604,0.744395604395604,0.819544740973312,0.744395604395604,0.793626373626374,0.770313971742543,0.851632653061224,0.816310832025118,0.617503924646782,0,0.864442700156986,0.827315541601256,0.827315541601256,0.916248037676609,0.71839874411303,0.893233908948195,0.756624803767661,0.816310832025118,0.778084772370487,0.900863422291994,0.813406593406593,0.802166405023548,0.893328100470958,0.97105180533752,0.945133437990581,0.893233908948195,0.90690737833595,0.893233908948195,0.744395604395604,0.744395604395604,0.711758241758242,0.837896389324961,0.827315541601256,0.767629513343799,0.813736263736264,0.707472527472527,0.707472527472527,0.707472527472527,0.744395604395604,0.672150706436421,0.707472527472527,0.707472527472527,0.733390894819466,0.782621664050235,0.733390894819466,0.75850863422292,0.707472527472527,0.707472527472527,0.79116169544741,0.733390894819466,0.761569858712716,0.761569858712716,0.701883830455259,0.761569858712716,0.761569858712716,0.761569858712716,0.761569858712716,0.761569858712716,0.701883830455259,0.701883830455259
"Amphipoda",0.871114599686028,0.702386185243328,0.685808477237049,0.746766091051805,0.77138147566719,0.77138147566719,0.76469387755102,0.808304552590267,0.785039246467818,0.74734693877551,0.808304552590267,0.808304552590267,0.748116169544741,0.808304552590267,0.77138147566719,0.785039246467818,0.759795918367347,0.804929356357928,0.757770800627943,0.864442700156986,0,0.720989010989011,0.720989010989011,0.627974882260597,0.757912087912088,0.673642072213501,0.865886970172684,0.865886970172684,0.827660910518053,0.783830455259027,0.782527472527472,0.779921507064364,0.663029827315542,0.752527472527473,0.714835164835165,0.804348508634223,0.73756671899529,0.743390894819466,0.808304552590267,0.808304552590267,0.86607535321821,0.763343799058085,0.790737833594976,0.790737833594976,0.777158555729984,0.857535321821036,0.857535321821036,0.857535321821036,0.808304552590267,0.902668759811617,0.796577708006279,0.857535321821036,0.834270015698587,0.79734693877551,0.834270015698587,0.859387755102041,0.796577708006279,0.796577708006279,0.744929356357928,0.834270015698587,0.897299843014129,0.897299843014129,0.897299843014129,0.897299843014129,0.897299843014129,0.897299843014129,0.897299843014129,0.897299843014129,0.897299843014129,0.897299843014129
"Cancer borealis",0.862637362637363,0.858979591836735,0.842401883830455,0.775290423861852,0.814709576138148,0.814709576138148,0.790094191522763,0.851632653061224,0.81043956043956,0.851632653061224,0.784521193092622,0.851632653061224,0.773516483516483,0.784521193092622,0.747598116169545,0.81043956043956,0.812276295133438,0.776954474097331,0.853406593406593,0.827315541601256,0.720989010989011,0,0.518304552590267,0.60723704866562,0.668979591836735,0.697974882260596,0.776954474097331,0.709843014128728,0.7387284144427,0.708241758241758,0.706938775510204,0.756138147566719,0.819623233908948,0.778430141287284,0.819623233908948,0.700612244897959,0.714285714285714,0.767723704866562,0.784521193092622,0.784521193092622,0.909403453689168,0.858979591836735,0.63469387755102,0.701805337519623,0.672919937205651,0.900863422291994,0.900863422291994,0.900863422291994,0.851632653061224,0.798430141287284,0.900863422291994,0.833751962323391,0.926781789638933,0.889858712715856,0.85967032967033,0.951899529042386,0.900863422291994,0.900863422291994,0.89839874411303,0.926781789638933,0.808367346938776,0.808367346938776,0.808367346938776,0.808367346938776,0.808367346938776,0.808367346938776,0.808367346938776,0.808367346938776,0.808367346938776,0.808367346938776
"Cancer irroratus",0.862637362637363,0.858979591836735,0.842401883830455,0.775290423861852,0.814709576138148,0.814709576138148,0.790094191522763,0.851632653061224,0.81043956043956,0.851632653061224,0.784521193092622,0.851632653061224,0.773516483516483,0.784521193092622,0.747598116169545,0.81043956043956,0.812276295133438,0.776954474097331,0.853406593406593,0.827315541601256,0.720989010989011,0.518304552590267,0,0.60723704866562,0.668979591836735,0.697974882260596,0.776954474097331,0.709843014128728,0.7387284144427,0.708241758241758,0.706938775510204,0.756138147566719,0.819623233908948,0.778430141287284,0.819623233908948,0.700612244897959,0.714285714285714,0.767723704866562,0.784521193092622,0.784521193092622,0.909403453689168,0.858979591836735,0.63469387755102,0.701805337519623,0.672919937205651,0.900863422291994,0.900863422291994,0.900863422291994,0.851632653061224,0.798430141287284,0.900863422291994,0.833751962323391,0.926781789638933,0.889858712715856,0.85967032967033,0.951899529042386,0.900863422291994,0.900863422291994,0.89839874411303,0.926781789638933,0.808367346938776,0.808367346938776,0.808367346938776,0.808367346938776,0.808367346938776,0.808367346938776,0.808367346938776,0.808367346938776,0.808367346938776,0.808367346938776
"Carcinus maenus",0.871114599686028,0.815149136577708,0.798571428571429,0.731459968602826,0.823186813186813,0.823186813186813,0.749387755102041,0.86010989010989,0.769733124018838,0.86010989010989,0.792998430141287,0.86010989010989,0.732810047095761,0.792998430141287,0.75607535321821,0.769733124018838,0.820753532182104,0.865886970172684,0.809576138147567,0.916248037676609,0.627974882260597,0.60723704866562,0.60723704866562,0,0.757912087912088,0.734599686028258,0.865886970172684,0.798775510204082,0.827660910518053,0.716718995290424,0.71541601255887,0.764615384615385,0.775792778649921,0.68541601255887,0.775792778649921,0.73723704866562,0.670455259026688,0.804348508634223,0.792998430141287,0.792998430141287,0.917880690737834,0.815149136577708,0.723626373626374,0.790737833594976,0.761852433281005,0.909340659340659,0.909340659340659,0.909340659340659,0.86010989010989,0.887362637362637,0.909340659340659,0.842229199372057,0.88607535321821,0.849152276295133,0.818963893249607,0.911193092621664,0.909340659340659,0.909340659340659,0.857692307692308,0.88607535321821,0.897299843014129,0.897299843014129,0.897299843014129,0.897299843014129,0.897299843014129,0.897299843014129,0.897299843014129,0.897299843014129,0.897299843014129,0.897299843014129
"Homarus americanus",0.765620094191523,0.895902668759812,0.879324960753532,0.879324960753532,0.851632653061224,0.851632653061224,0.894128728414443,0.802401883830455,0.828320251177394,0.802401883830455,0.802401883830455,0.802401883830455,0.877551020408163,0.802401883830455,0.851632653061224,0.828320251177394,0.763045525902669,0.727723704866562,0.830643642072213,0.71839874411303,0.757912087912088,0.668979591836735,0.668979591836735,0.757912087912088,0,0.734897959183674,0.668037676609105,0.727723704866562,0.689497645211931,0.812276295133438,0.677032967032967,0.860172684458399,0.856546310832025,0.882464678178964,0.856546310832025,0.804646781789639,0.770533751962323,0.804646781789639,0.802401883830455,0.802401883830455,0.800486656200942,0.895902668759812,0.690941915227629,0.631255886970173,0.776954474097331,0.851632653061224,0.851632653061224,0.851632653061224,0.802401883830455,0.816310832025118,0.851632653061224,0.851632653061224,0.877551020408163,0.926781789638933,0.877551020408163,0.902668759811617,0.851632653061224,0.851632653061224,0.935321821036107,0.877551020408163,0.711350078492936,0.711350078492936,0.651664050235479,0.711350078492936,0.711350078492936,0.711350078492936,0.711350078492936,0.711350078492936,0.651664050235479,0.651664050235479
"Isopoda",0.928555729984301,0.726875981161695,0.710298273155416,0.771255886970173,0.795871271585557,0.795871271585557,0.838367346938775,0.832794348508634,0.858712715855573,0.818367346938776,0.832794348508634,0.832794348508634,0.821789638932496,0.832794348508634,0.795871271585557,0.858712715855573,0.685698587127159,0.650376766091052,0.86701726844584,0.893233908948195,0.673642072213501,0.697974882260596,0.697974882260596,0.734599686028258,0.734897959183674,0,0.804646781789639,0.804646781789639,0.804646781789639,0.709733124018838,0.839968602825746,0.804411302982732,0.687519623233909,0.727613814756672,0.640737833594976,0.649795918367347,0.795007849293563,0.58883830455259,0.832794348508634,0.832794348508634,0.890565149136578,0.787833594976452,0.767723704866562,0.767723704866562,0.721193092621664,0.882025117739403,0.882025117739403,0.882025117739403,0.832794348508634,0.846703296703297,0.821067503924647,0.882025117739403,0.907943485086342,0.871020408163265,0.907943485086342,0.933061224489796,0.821067503924647,0.821067503924647,0.818602825745683,0.907943485086342,0.874285714285714,0.874285714285714,0.874285714285714,0.874285714285714,0.874285714285714,0.874285714285714,0.874285714285714,0.874285714285714,0.874285714285714,0.874285714285714
"Cucumaria frondosa",0.851632653061224,0.895902668759812,0.879324960753532,0.879324960753532,0.851632653061224,0.851632653061224,0.894128728414443,0.802401883830455,0.828320251177394,0.802401883830455,0.802401883830455,0.802401883830455,0.877551020408163,0.802401883830455,0.851632653061224,0.828320251177394,0.763045525902669,0.727723704866562,0.868869701726845,0.756624803767661,0.865886970172684,0.776954474097331,0.776954474097331,0.865886970172684,0.668037676609105,0.804646781789639,0,0.573736263736264,0.658477237048666,0.743029827315542,0.763045525902669,0.860172684458399,0.856546310832025,0.882464678178964,0.856546310832025,0.804646781789639,0.856546310832025,0.804646781789639,0.802401883830455,0.802401883830455,0.800486656200942,0.895902668759812,0.776954474097331,0.717268445839874,0.776954474097331,0.851632653061224,0.851632653061224,0.851632653061224,0.802401883830455,0.816310832025118,0.851632653061224,0.851632653061224,0.877551020408163,0.926781789638933,0.877551020408163,0.902668759811617,0.851632653061224,0.851632653061224,0.935321821036107,0.877551020408163,0.797362637362637,0.797362637362637,0.737676609105181,0.797362637362637,0.797362637362637,0.797362637362637,0.797362637362637,0.797362637362637,0.737676609105181,0.737676609105181
"Echinarachnius parma",0.851632653061224,0.895902668759812,0.879324960753532,0.812213500784929,0.851632653061224,0.851632653061224,0.82701726844584,0.802401883830455,0.761208791208791,0.802401883830455,0.735290423861852,0.802401883830455,0.81043956043956,0.735290423861852,0.784521193092622,0.761208791208791,0.763045525902669,0.727723704866562,0.928555729984301,0.816310832025118,0.865886970172684,0.709843014128728,0.709843014128728,0.798775510204082,0.727723704866562,0.804646781789639,0.573736263736264,0,0.658477237048666,0.675918367346939,0.695934065934066,0.793061224489796,0.856546310832025,0.815353218210361,0.856546310832025,0.737535321821036,0.789434850863422,0.804646781789639,0.735290423861852,0.735290423861852,0.860172684458399,0.895902668759812,0.709843014128728,0.776954474097331,0.709843014128728,0.851632653061224,0.851632653061224,0.851632653061224,0.802401883830455,0.749199372056515,0.851632653061224,0.784521193092622,0.877551020408163,0.926781789638933,0.81043956043956,0.902668759811617,0.851632653061224,0.851632653061224,0.935321821036107,0.877551020408163,0.797362637362637,0.797362637362637,0.797362637362637,0.797362637362637,0.797362637362637,0.797362637362637,0.797362637362637,0.797362637362637,0.797362637362637,0.797362637362637
"Ophiopholis aculeata",0.752448979591837,0.895902668759812,0.879324960753532,0.879324960753532,0.790675039246468,0.790675039246468,0.894128728414443,0.741444270015699,0.828320251177394,0.802401883830455,0.802401883830455,0.741444270015699,0.877551020408163,0.802401883830455,0.851632653061224,0.828320251177394,0.763045525902669,0.727723704866562,0.89032967032967,0.778084772370487,0.827660910518053,0.7387284144427,0.7387284144427,0.827660910518053,0.689497645211931,0.804646781789639,0.658477237048666,0.658477237048666,0,0.743029827315542,0.724819466248038,0.860172684458399,0.856546310832025,0.882464678178964,0.856546310832025,0.804646781789639,0.818320251177394,0.804646781789639,0.802401883830455,0.802401883830455,0.860172684458399,0.895902668759812,0.7387284144427,0.7387284144427,0.776954474097331,0.790675039246468,0.790675039246468,0.790675039246468,0.741444270015699,0.816310832025118,0.851632653061224,0.851632653061224,0.816593406593407,0.865824175824176,0.877551020408163,0.84171114599686,0.851632653061224,0.851632653061224,0.935321821036107,0.877551020408163,0.759136577708006,0.759136577708006,0.759136577708006,0.759136577708006,0.69817896389325,0.759136577708006,0.759136577708006,0.759136577708006,0.759136577708006,0.759136577708006
"Strongylocentrotus droebachiensis",0.855729984301413,0.767315541601256,0.750737833594976,0.683626373626374,0.723045525902669,0.723045525902669,0.698430141287284,0.759968602825746,0.718775510204082,0.806499215070644,0.692857142857143,0.759968602825746,0.681852433281005,0.692857142857143,0.655934065934066,0.718775510204082,0.673830455259027,0.718963893249608,0.846499215070644,0.900863422291994,0.783830455259027,0.708241758241758,0.708241758241758,0.716718995290424,0.812276295133438,0.709733124018838,0.743029827315542,0.675918367346939,0.743029827315542,0,0.700031397174254,0.66447409733124,0.727959183673469,0.639984301412873,0.681177394034537,0.642621664050235,0.707378335949765,0.709733124018838,0.692857142857143,0.692857142857143,0.817739403453689,0.767315541601256,0.708241758241758,0.775353218210361,0.66171114599686,0.809199372056515,0.809199372056515,0.809199372056515,0.759968602825746,0.787221350078493,0.809199372056515,0.742087912087912,0.835117739403454,0.798194662480377,0.768006279434851,0.860235478806907,0.809199372056515,0.809199372056515,0.806734693877551,0.835117739403454,0.881915227629513,0.881915227629513,0.881915227629513,0.881915227629513,0.881915227629513,0.881915227629513,0.881915227629513,0.881915227629513,0.881915227629513,0.881915227629513
